0.000000 0.000000 0.000000
0.000000 0.034000 0.000000
0.000501 0.030238 0.015545
0.001001 0.019785 0.027650
0.001502 0.004954 0.033637
0.002002 -0.010973 0.032181
0.002503 -0.024472 0.023603
0.003003 -0.032556 0.009803
0.003504 -0.033436 -0.006167
0.004004 -0.026917 -0.020772
0.004505 -0.014442 -0.030780
0.005005 0.001229 -0.033978
0.005506 0.016628 -0.029656
0.006006 0.028348 -0.018773
0.006507 0.033794 -0.003735
0.007007 0.031763 0.012130
0.007508 0.022703 0.025310
0.008008 0.008619 0.032889
0.008509 -0.007372 0.033191
0.009009 -0.021732 0.026148
0.009510 -0.031283 0.013319
0.010010 -0.033911 -0.002457
0.010511 -0.029036 -0.017690
0.011011 -0.017735 -0.029008
0.011512 -0.002510 -0.033907
0.012012 0.013270 -0.031303
0.012513 0.026114 -0.021773
0.013013 0.033180 -0.007424
0.013514 0.032903 0.008567
0.014014 0.025345 0.022663
0.014515 0.012180 0.031744
0.015015 -0.003682 0.033800
0.015516 -0.018728 0.028377
0.016016 -0.029630 0.016675
0.016517 -0.033976 0.001283
0.017017 -0.030803 -0.014393
0.017518 -0.020814 -0.026884
0.018018 -0.006220 -0.033426
0.018519 0.009751 -0.032572
0.019019 0.023564 -0.024509
0.019520 0.032163 -0.011024
0.020020 0.033645 0.004901
0.020521 0.027681 0.019742
0.021021 0.015593 0.030214
0.021522 0.000053 0.034000
0.022022 -0.015498 0.030263
0.022523 -0.027619 0.019829
0.023023 -0.033629 0.005007
0.023524 -0.032198 -0.010923
0.024024 -0.023641 -0.024435
0.024525 -0.009854 -0.032541
0.025025 0.006115 -0.033446
0.025526 0.020730 -0.026950
0.026026 0.030758 -0.014490
0.026527 0.033980 0.001176
0.027027 0.029682 0.016582
0.027528 0.018817 0.028318
0.028028 0.003788 0.033788
0.028529 -0.012080 0.031782
0.029029 -0.025274 0.022742
0.029530 -0.032876 0.008671
0.030030 -0.033203 -0.007320
0.030531 -0.026182 -0.021691
0.031031 -0.013368 -0.031262
0.031532 0.002404 -0.033915
0.032032 0.017644 -0.029064
0.032533 0.028980 -0.017781
0.033033 0.033903 -0.002564
0.033534 0.031324 0.013221
0.034034 0.021814 0.026080
0.034535 0.007476 0.033168
0.035035 -0.008516 0.032916
0.035536 -0.022623 0.025381
0.036036 -0.031724 0.012229
0.036537 -0.033806 -0.003628
0.037037 -0.028407 -0.018683
0.037538 -0.016721 -0.029604
0.038038 -0.001336 -0.033974
0.038539 0.014345 -0.030826
0.039039 0.026852 -0.020857
0.039540 0.033416 -0.006272
0.040040 0.032587 0.009700
0.040541 0.024547 0.023526
0.041041 0.011074 0.032146
0.041542 -0.004848 0.033653
0.042042 -0.019698 0.027712
0.042543 -0.030189 0.015640
0.043043 -0.034000 0.000107
0.043544 -0.030287 -0.015450
0.044044 -0.019872 -0.027588
0.044545 -0.005060 -0.033621
0.045045 0.010872 -0.032215
0.045546 0.024398 -0.023680
0.046046 0.032525 -0.009905
0.046547 0.033455 0.006062
0.047047 0.026982 0.020687
0.047548 0.014538 0.030735
0.048048 -0.001122 0.033981
0.048549 -0.016535 0.029709
0.049049 -0.028289 0.018862
0.049550 -0.033782 0.003841
0.050050 -0.031801 -0.012030
0.050551 -0.022782 -0.025238
0.051051 -0.008722 -0.032862
0.051552 0.007268 -0.033214
0.052052 0.021649 -0.026217
0.052553 0.031240 -0.013418
0.053053 0.033919 0.002350
0.053554 0.029091 0.017598
0.054054 0.017826 0.028952
0.054555 0.002617 0.033899
0.055055 -0.013172 0.031345
0.055556 -0.026046 0.021855
0.056056 -0.033156 0.007528
0.056557 -0.032930 -0.008464
0.057057 -0.025417 -0.022583
0.057558 -0.012279 -0.031705
0.058058 0.003575 -0.033812
0.058559 0.018639 -0.028436
0.059059 0.029578 -0.016768
0.059560 0.033972 -0.001390
0.060060 0.030848 0.014296
0.060561 0.020899 0.026819
0.061061 0.006325 0.033407
0.061562 -0.009649 0.032602
0.062062 -0.023487 0.024583
0.062563 -0.032128 0.011125
0.063063 -0.033660 -0.004795
0.063564 -0.027743 -0.019655
0.064064 -0.015688 -0.030165
0.064565 -0.000160 -0.034000
0.065065 0.015402 -0.030311
0.065566 0.027557 -0.019915
0.066066 0.033613 -0.005113
0.066567 0.032232 0.010821
0.067067 0.023718 0.024361
0.067568 0.009956 0.032510
0.068068 -0.006009 0.033465
0.068569 -0.020645 0.027015
0.069069 -0.030712 0.014587
0.069570 -0.033983 -0.001069
0.070070 -0.029734 -0.016488
0.070571 -0.018906 -0.028259
0.071071 -0.003894 -0.033776
0.071572 0.011980 -0.031820
0.072072 0.025202 -0.022822
0.072573 0.032848 -0.008774
0.073073 0.033226 0.007215
0.073574 0.026251 0.021608
0.074074 0.013467 0.031219
0.074575 -0.002297 0.033922
0.075075 -0.017553 0.029119
0.075576 -0.028924 0.017872
0.076076 -0.033895 0.002670
0.076577 -0.031366 -0.013122
0.077077 -0.021896 -0.026011
0.077578 -0.007581 -0.033144
0.078078 0.008412 -0.032943
0.078579 0.022543 -0.025452
0.079079 0.031686 -0.012329
0.079580 0.033817 0.003522
0.080080 0.028465 0.018594
0.080581 0.016814 0.029551
0.081081 0.001443 0.033969
0.081582 -0.014248 0.030871
0.082082 -0.026786 0.020941
0.082583 -0.033397 0.006377
0.083083 -0.032617 -0.009598
0.083584 -0.024620 -0.023449
0.084084 -0.011175 -0.032111
0.084585 0.004742 -0.033668
0.085085 0.019611 -0.027774
0.085586 0.030140 -0.015735
0.086086 0.033999 -0.000214
0.086587 0.030335 0.015355
0.087087 0.019959 0.027525
0.087588 0.005166 0.033605
0.088088 -0.010771 0.032249
0.088589 -0.024323 0.023756
0.089089 -0.032494 0.010007
0.089590 -0.033474 -0.005957
0.090090 -0.027047 -0.020602
0.090591 -0.014635 -0.030689
0.091091 0.001016 -0.033985
0.091592 0.016441 -0.029760
0.092092 0.028229 -0.018950
0.092593 0.033770 -0.003947
0.093093 0.031838 0.011930
0.093594 0.022861 0.025167
0.094094 0.008826 0.032835
0.094595 -0.007163 0.033237
0.095095 -0.021567 0.026284
0.095596 -0.031198 0.013516
0.096096 -0.033926 -0.002244
0.096597 -0.029146 -0.017507
0.097097 -0.017917 -0.028896
0.097598 -0.002724 -0.033891
0.098098 0.013073 -0.031386
0.098599 0.025977 -0.021937
0.099099 0.033132 -0.007633
0.099600 0.032956 0.008360
0.100100 0.025488 0.022503
0.100601 0.012379 0.031666
0.101101 -0.003469 0.033823
0.101602 -0.018549 0.028494
0.102102 -0.029525 0.016861
0.102603 -0.033967 0.001496
0.103103 -0.030893 -0.014199
0.103604 -0.020983 -0.026753
0.104104 -0.006430 -0.033386
0.104605 0.009546 -0.032632
0.105105 0.023410 -0.024657
0.105606 0.032093 -0.011226
0.106106 0.033675 0.004690
0.106607 0.027805 0.019567
0.107107 0.015782 0.030115
0.107608 0.000267 0.033999
0.108108 -0.015307 0.030359
0.108609 -0.027494 0.020002
0.109109 -0.033597 0.005218
0.109610 -0.032266 -0.010720
0.110110 -0.023795 -0.024286
0.110611 -0.010058 -0.032478
0.111111 0.005904 -0.033483
0.111612 0.020560 -0.027079
0.112112 0.030666 -0.014683
0.112613 0.033986 0.000962
0.113113 0.029786 0.016395
0.113614 0.018995 0.028199
0.114114 0.004000 0.033764
0.114615 -0.011880 0.031857
0.115115 -0.025131 0.022901
0.115616 -0.032821 0.008877
0.116116 -0.033248 -0.007111
0.116617 -0.026318 -0.021525
0.117117 -0.013565 -0.031177
0.117618 0.002190 -0.033929
0.118118 0.017461 -0.029174
0.118619 0.028868 -0.017963
0.119119 0.033886 -0.002777
0.119620 0.031407 0.013024
0.120120 0.021977 0.025942
0.120621 0.007685 0.033120
0.121121 -0.008308 0.032969
0.121622 -0.022463 0.025523
0.122122 -0.031647 0.012429
0.122623 -0.033828 -0.003416
0.123123 -0.028524 -0.018504
0.123624 -0.016907 -0.029498
0.124124 -0.001550 -0.033965
0.124625 0.014151 -0.030915
0.125125 0.026720 -0.021025
0.125626 0.033376 -0.006482
0.126126 0.032647 0.009495
0.126627 0.024694 0.023371
0.127127 0.011276 0.032076
0.127628 -0.004637 0.033682
0.128128 -0.019523 0.027836
0.128629 -0.030090 0.015830
0.129129 -0.033998 0.000321
0.129630 -0.030384 -0.015259
0.130130 -0.020045 -0.027463
0.130631 -0.005271 -0.033589
0.131131 0.010669 -0.032283
0.131632 0.024249 -0.023833
0.132132 0.032462 -0.010109
0.132633 0.033493 0.005851
0.133133 0.027112 0.020517
0.133634 0.014731 0.030643
0.134134 -0.000909 0.033988
0.134635 -0.016348 0.029812
0.135135 -0.028169 0.019039
0.135636 -0.033758 0.004053
0.136136 -0.031876 -0.011829
0.136637 -0.022940 -0.025095
0.137137 -0.008929 -0.032807
0.137638 0.007059 -0.033259
0.138138 0.021484 -0.026352
0.138639 0.031155 -0.013614
0.139139 0.033933 0.002137
0.139640 0.029201 0.017415
0.140140 0.018008 0.028839
0.140641 0.002830 0.033882
0.141141 -0.012974 0.031427
0.141642 -0.025908 0.022018
0.142142 -0.033108 0.007737
0.142643 -0.032982 -0.008256
0.143143 -0.025558 -0.022423
0.143644 -0.012478 -0.031627
0.144144 0.003363 -0.033833
0.144645 0.018459 -0.028553
0.145145 0.029472 -0.016954
0.145646 0.033962 -0.001603
0.146146 0.030938 0.014102
0.146647 0.021067 0.026687
0.147147 0.006535 0.033366
0.147648 -0.009444 0.032662
0.148148 -0.023332 0.024731
0.148649 -0.032058 0.011327
0.149149 -0.033690 -0.004584
0.149650 -0.027866 -0.019480
0.150150 -0.015877 -0.030065
0.150651 -0.000374 -0.033998
0.151151 0.015211 -0.030407
0.151652 0.027431 -0.020088
0.152152 0.033581 -0.005324
0.152653 0.032299 0.010618
0.153153 0.023871 0.024211
0.153654 0.010160 0.032446
0.154154 -0.005799 0.033502
0.154655 -0.020475 0.027144
0.155155 -0.030620 0.014780
0.155656 -0.033989 -0.000855
0.156156 -0.029838 -0.016301
0.156657 -0.019083 -0.028139
0.157157 -0.004106 -0.033751
0.157658 0.011779 -0.031894
0.158158 0.025058 -0.022980
0.158659 0.032793 -0.008980
0.159159 0.033270 0.007006
0.159660 0.026386 0.021443
0.160160 0.013663 0.031134
0.160661 -0.002084 0.033936
0.161161 -0.017369 0.029229
0.161662 -0.028811 0.018054
0.162162 -0.033878 0.002883
0.162663 -0.031448 -0.012925
0.163163 -0.022059 -0.025873
0.163664 -0.007789 -0.033096
0.164164 0.008205 -0.032995
0.164665 0.022383 -0.025593
0.165165 0.031608 -0.012528
0.165666 0.033839 0.003309
0.166166 0.028582 0.018414
0.166667 0.017000 0.029445
0.167167 0.001657 0.033960
0.167668 -0.014053 0.030960
0.168168 -0.026654 0.021109
0.168669 -0.033356 0.006587
0.169169 -0.032677 -0.009392
0.169670 -0.024767 -0.023293
0.170170 -0.011377 -0.032040
0.170671 0.004531 -0.033697
0.171171 0.019436 -0.027897
0.171672 0.030040 -0.015924
0.172172 0.033997 -0.000428
0.172673 0.030431 0.015164
0.173173 0.020131 0.027399
0.173674 0.005377 0.033572
0.174174 -0.010568 0.032316
0.174675 -0.024174 0.023909
0.175175 -0.032430 0.010211
0.175676 -0.033511 -0.005746
0.176176 -0.027176 -0.020432
0.176677 -0.014828 -0.030596
0.177177 0.000802 -0.033991
0.177678 0.016254 -0.029863
0.178178 0.028109 -0.019128
0.178679 0.033745 -0.004159
0.179179 0.031913 0.011729
0.179680 0.023019 0.025022
0.180180 0.009032 0.032778
0.180681 -0.006954 0.033281
0.181181 -0.021401 0.026420
0.181682 -0.031113 0.013712
0.182182 -0.033939 -0.002030
0.182683 -0.029256 -0.017323
0.183183 -0.018099 -0.028783
0.183684 -0.002937 -0.033873
0.184184 0.012875 -0.031468
0.184685 0.025838 -0.022100
0.185185 0.033084 -0.007841
0.185686 0.033008 0.008153
0.186186 0.025629 0.022342
0.186687 0.012578 0.031588
0.187187 -0.003256 0.033844
0.187688 -0.018370 0.028611
0.188188 -0.029418 0.017046
0.188689 -0.033957 0.001710
0.189189 -0.030982 -0.014005
0.189690 -0.021151 -0.026620
0.190190 -0.006640 -0.033345
0.190691 0.009341 -0.032692
0.191191 0.023254 -0.024804
0.191692 0.032022 -0.011428
0.192192 0.033704 0.004478
0.192693 0.027928 0.019392
0.193193 0.015971 0.030015
0.193694 0.000481 0.033997
0.194194 -0.015116 0.030455
0.194695 -0.027368 0.020175
0.195195 -0.033564 0.005430
0.195696 -0.032333 -0.010517
0.196196 -0.023947 -0.024136
0.196697 -0.010262 -0.032414
0.197197 0.005693 -0.033520
0.197698 0.020389 -0.027208
0.198198 0.030573 -0.014876
0.198699 0.033992 0.000748
0.199199 0.029889 0.016207
0.199700 0.019172 0.028079
0.200200 0.004213 0.033738
0.200701 -0.011679 0.031931
0.201201 -0.024986 0.023059
0.201702 -0.032764 0.009084
0.202202 -0.033292 -0.006902
0.202703 -0.026453 -0.021359
0.203203 -0.013761 -0.031091
0.203704 0.001977 -0.033942
0.204204 0.017277 -0.029283
0.204705 0.028754 -0.018144
0.205205 0.033868 -0.002990
0.205706 0.031488 0.012826
0.206206 0.022140 0.025803
0.206707 0.007893 0.033071
0.207207 -0.008101 0.033021
0.207708 -0.022302 0.025664
0.208208 -0.031568 0.012627
0.208709 -0.033849 -0.003203
0.209209 -0.028639 -0.018325
0.209710 -0.017093 -0.029391
0.210210 -0.001763 -0.033954
0.210711 0.013956 -0.031004
0.211211 0.026587 -0.021193
0.211712 0.033335 -0.006692
0.212212 0.032706 0.009289
0.212713 0.024840 0.023215
0.213213 0.011478 0.032004
0.213714 -0.004425 0.033711
0.214214 -0.019348 0.027958
0.214715 -0.029990 0.016019
0.215215 -0.033996 0.000535
0.215716 -0.030479 -0.015068
0.216216 -0.020218 -0.027336
0.216717 -0.005482 -0.033555
0.217217 0.010466 -0.032349
0.217718 0.024098 -0.023985
0.218218 0.032398 -0.010313
0.218719 0.033529 0.005641
0.219219 0.027240 0.020346
0.219720 0.014924 0.030550
0.220220 -0.000695 0.033993
0.220721 -0.016160 0.029914
0.221221 -0.028049 0.019216
0.221722 -0.033731 0.004266
0.222222 -0.031950 -0.011629
0.222723 -0.023098 -0.024950
0.223223 -0.009135 -0.032750
0.223724 0.006849 -0.033303
0.224224 0.021318 -0.026487
0.224725 0.031069 -0.013810
0.225225 0.033946 0.001924
0.225726 0.029310 0.017231
0.226226 0.018189 0.028725
0.226727 0.003043 0.033864
0.227227 -0.012776 0.031508
0.227728 -0.025769 0.022181
0.228228 -0.033059 0.007945
0.228729 -0.033034 -0.008049
0.229229 -0.025699 -0.022262
0.229730 -0.012677 -0.031548
0.230230 0.003150 -0.033854
0.230731 0.018279 -0.028668
0.231231 0.029364 -0.017139
0.231732 0.033951 -0.001817
0.232232 0.031026 0.013907
0.232733 0.021234 0.026554
0.233233 0.006744 0.033324
0.233734 -0.009238 0.032721
0.234234 -0.023176 0.024877
0.234735 -0.031986 0.011528
0.235235 -0.033718 -0.004372
0.235736 -0.027988 -0.019304
0.236236 -0.016066 -0.029965
0.236737 -0.000588 -0.033995
0.237237 0.015020 -0.030503
0.237738 0.027304 -0.020260
0.238238 0.033546 -0.005535
0.238739 0.032366 0.010415
0.239239 0.024023 0.024061
0.239740 0.010364 0.032382
0.240240 -0.005588 0.033538
0.240741 -0.020303 0.027272
0.241241 -0.030526 0.014972
0.241742 -0.033994 -0.000641
0.242242 -0.029940 -0.016113
0.242743 -0.019260 -0.028019
0.243243 -0.004319 -0.033725
0.243744 0.011578 -0.031968
0.244244 0.024913 -0.023137
0.244745 0.032735 -0.009187
0.245245 0.033314 0.006797
0.245746 0.026520 0.021276
0.246246 0.013858 0.031047
0.246747 -0.001870 0.033949
0.247247 -0.017185 0.029337
0.247748 -0.028697 0.018234
0.248248 -0.033859 0.003096
0.248749 -0.031528 -0.012727
0.249249 -0.022221 -0.025734
0.249750 -0.007997 -0.033046
0.250250 0.007997 -0.033046
0.250751 0.022221 -0.025734
0.251251 0.031528 -0.012727
0.251752 0.033859 0.003096
0.252252 0.028697 0.018234
0.252753 0.017185 0.029337
0.253253 0.001870 0.033949
0.253754 -0.013858 0.031047
0.254254 -0.026520 0.021276
0.254755 -0.033314 0.006797
0.255255 -0.032735 -0.009187
0.255756 -0.024913 -0.023137
0.256256 -0.011578 -0.031968
0.256757 0.004319 -0.033725
0.257257 0.019260 -0.028019
0.257758 0.029940 -0.016113
0.258258 0.033994 -0.000641
0.258759 0.030526 0.014972
0.259259 0.020303 0.027272
0.259760 0.005588 0.033538
0.260260 -0.010364 0.032382
0.260761 -0.024023 0.024061
0.261261 -0.032366 0.010415
0.261762 -0.033546 -0.005535
0.262262 -0.027304 -0.020260
0.262763 -0.015020 -0.030503
0.263263 0.000588 -0.033995
0.263764 0.016066 -0.029965
0.264264 0.027988 -0.019304
0.264765 0.033718 -0.004372
0.265265 0.031986 0.011528
0.265766 0.023176 0.024877
0.266266 0.009238 0.032721
0.266767 -0.006744 0.033324
0.267267 -0.021234 0.026554
0.267768 -0.031026 0.013907
0.268268 -0.033951 -0.001817
0.268769 -0.029364 -0.017139
0.269269 -0.018279 -0.028668
0.269770 -0.003150 -0.033854
0.270270 0.012677 -0.031548
0.270771 0.025699 -0.022262
0.271271 0.033034 -0.008049
0.271772 0.033059 0.007945
0.272272 0.025769 0.022181
0.272773 0.012776 0.031508
0.273273 -0.003043 0.033864
0.273774 -0.018189 0.028725
0.274274 -0.029310 0.017231
0.274775 -0.033946 0.001924
0.275275 -0.031069 -0.013810
0.275776 -0.021318 -0.026487
0.276276 -0.006849 -0.033303
0.276777 0.009135 -0.032750
0.277277 0.023098 -0.024950
0.277778 0.031950 -0.011629
0.278278 0.033731 0.004266
0.278779 0.028049 0.019216
0.279279 0.016160 0.029914
0.279780 0.000695 0.033993
0.280280 -0.014924 0.030550
0.280781 -0.027240 0.020346
0.281281 -0.033529 0.005641
0.281782 -0.032398 -0.010313
0.282282 -0.024098 -0.023985
0.282783 -0.010466 -0.032349
0.283283 0.005482 -0.033555
0.283784 0.020218 -0.027336
0.284284 0.030479 -0.015068
0.284785 0.033996 0.000535
0.285285 0.029990 0.016019
0.285786 0.019348 0.027958
0.286286 0.004425 0.033711
0.286787 -0.011478 0.032004
0.287287 -0.024840 0.023215
0.287788 -0.032706 0.009289
0.288288 -0.033335 -0.006692
0.288789 -0.026587 -0.021193
0.289289 -0.013956 -0.031004
0.289790 0.001763 -0.033954
0.290290 0.017093 -0.029391
0.290791 0.028639 -0.018325
0.291291 0.033849 -0.003203
0.291792 0.031568 0.012627
0.292292 0.022302 0.025664
0.292793 0.008101 0.033021
0.293293 -0.007893 0.033071
0.293794 -0.022140 0.025803
0.294294 -0.031488 0.012826
0.294795 -0.033868 -0.002990
0.295295 -0.028754 -0.018144
0.295796 -0.017277 -0.029283
0.296296 -0.001977 -0.033942
0.296797 0.013761 -0.031091
0.297297 0.026453 -0.021359
0.297798 0.033292 -0.006902
0.298298 0.032764 0.009084
0.298799 0.024986 0.023059
0.299299 0.011679 0.031931
0.299800 -0.004213 0.033738
0.300300 -0.019172 0.028079
0.300801 -0.029889 0.016207
0.301301 -0.033992 0.000748
0.301802 -0.030573 -0.014876
0.302302 -0.020389 -0.027208
0.302803 -0.005693 -0.033520
0.303303 0.010262 -0.032414
0.303804 0.023947 -0.024136
0.304304 0.032333 -0.010517
0.304805 0.033564 0.005430
0.305305 0.027368 0.020175
0.305806 0.015116 0.030455
0.306306 -0.000481 0.033997
0.306807 -0.015971 0.030015
0.307307 -0.027928 0.019392
0.307808 -0.033704 0.004478
0.308308 -0.032022 -0.011428
0.308809 -0.023254 -0.024804
0.309309 -0.009341 -0.032692
0.309810 0.006640 -0.033345
0.310310 0.021151 -0.026620
0.310811 0.030982 -0.014005
0.311311 0.033957 0.001710
0.311812 0.029418 0.017046
0.312312 0.018370 0.028611
0.312813 0.003256 0.033844
0.313313 -0.012578 0.031588
0.313814 -0.025629 0.022342
0.314314 -0.033008 0.008153
0.314815 -0.033084 -0.007841
0.315315 -0.025838 -0.022100
0.315816 -0.012875 -0.031468
0.316316 0.002937 -0.033873
0.316817 0.018099 -0.028783
0.317317 0.029256 -0.017323
0.317818 0.033939 -0.002030
0.318318 0.031113 0.013712
0.318819 0.021401 0.026420
0.319319 0.006954 0.033281
0.319820 -0.009032 0.032778
0.320320 -0.023019 0.025022
0.320821 -0.031913 0.011729
0.321321 -0.033745 -0.004159
0.321822 -0.028109 -0.019128
0.322322 -0.016254 -0.029863
0.322823 -0.000802 -0.033991
0.323323 0.014828 -0.030596
0.323824 0.027176 -0.020432
0.324324 0.033511 -0.005746
0.324825 0.032430 0.010211
0.325325 0.024174 0.023909
0.325826 0.010568 0.032316
0.326326 -0.005377 0.033572
0.326827 -0.020131 0.027399
0.327327 -0.030431 0.015164
0.327828 -0.033997 -0.000428
0.328328 -0.030040 -0.015924
0.328829 -0.019436 -0.027897
0.329329 -0.004531 -0.033697
0.329830 0.011377 -0.032040
0.330330 0.024767 -0.023293
0.330831 0.032677 -0.009392
0.331331 0.033356 0.006587
0.331832 0.026654 0.021109
0.332332 0.014053 0.030960
0.332833 -0.001657 0.033960
0.333333 -0.017000 0.029445
0.333834 -0.028582 0.018414
0.334334 -0.033839 0.003309
0.334835 -0.031608 -0.012528
0.335335 -0.022383 -0.025593
0.335836 -0.008205 -0.032995
0.336336 0.007789 -0.033096
0.336837 0.022059 -0.025873
0.337337 0.031448 -0.012925
0.337838 0.033878 0.002883
0.338338 0.028811 0.018054
0.338839 0.017369 0.029229
0.339339 0.002084 0.033936
0.339840 -0.013663 0.031134
0.340340 -0.026386 0.021443
0.340841 -0.033270 0.007006
0.341341 -0.032793 -0.008980
0.341842 -0.025058 -0.022980
0.342342 -0.011779 -0.031894
0.342843 0.004106 -0.033751
0.343343 0.019083 -0.028139
0.343844 0.029838 -0.016301
0.344344 0.033989 -0.000855
0.344845 0.030620 0.014780
0.345345 0.020475 0.027144
0.345846 0.005799 0.033502
0.346346 -0.010160 0.032446
0.346847 -0.023871 0.024211
0.347347 -0.032299 0.010618
0.347848 -0.033581 -0.005324
0.348348 -0.027431 -0.020088
0.348849 -0.015211 -0.030407
0.349349 0.000374 -0.033998
0.349850 0.015877 -0.030065
0.350350 0.027866 -0.019480
0.350851 0.033690 -0.004584
0.351351 0.032058 0.011327
0.351852 0.023332 0.024731
0.352352 0.009444 0.032662
0.352853 -0.006535 0.033366
0.353353 -0.021067 0.026687
0.353854 -0.030938 0.014102
0.354354 -0.033962 -0.001603
0.354855 -0.029472 -0.016954
0.355355 -0.018459 -0.028553
0.355856 -0.003363 -0.033833
0.356356 0.012478 -0.031627
0.356857 0.025558 -0.022423
0.357357 0.032982 -0.008256
0.357858 0.033108 0.007737
0.358358 0.025908 0.022018
0.358859 0.012974 0.031427
0.359359 -0.002830 0.033882
0.359860 -0.018008 0.028839
0.360360 -0.029201 0.017415
0.360861 -0.033933 0.002137
0.361361 -0.031155 -0.013614
0.361862 -0.021484 -0.026352
0.362362 -0.007059 -0.033259
0.362863 0.008929 -0.032807
0.363363 0.022940 -0.025095
0.363864 0.031876 -0.011829
0.364364 0.033758 0.004053
0.364865 0.028169 0.019039
0.365365 0.016348 0.029812
0.365866 0.000909 0.033988
0.366366 -0.014731 0.030643
0.366867 -0.027112 0.020517
0.367367 -0.033493 0.005851
0.367868 -0.032462 -0.010109
0.368368 -0.024249 -0.023833
0.368869 -0.010669 -0.032283
0.369369 0.005271 -0.033589
0.369870 0.020045 -0.027463
0.370370 0.030384 -0.015259
0.370871 0.033998 0.000321
0.371371 0.030090 0.015830
0.371872 0.019523 0.027836
0.372372 0.004637 0.033682
0.372873 -0.011276 0.032076
0.373373 -0.024694 0.023371
0.373874 -0.032647 0.009495
0.374374 -0.033376 -0.006482
0.374875 -0.026720 -0.021025
0.375375 -0.014151 -0.030915
0.375876 0.001550 -0.033965
0.376376 0.016907 -0.029498
0.376877 0.028524 -0.018504
0.377377 0.033828 -0.003416
0.377878 0.031647 0.012429
0.378378 0.022463 0.025523
0.378879 0.008308 0.032969
0.379379 -0.007685 0.033120
0.379880 -0.021977 0.025942
0.380380 -0.031407 0.013024
0.380881 -0.033886 -0.002777
0.381381 -0.028868 -0.017963
0.381882 -0.017461 -0.029174
0.382382 -0.002190 -0.033929
0.382883 0.013565 -0.031177
0.383383 0.026318 -0.021525
0.383884 0.033248 -0.007111
0.384384 0.032821 0.008877
0.384885 0.025131 0.022901
0.385385 0.011880 0.031857
0.385886 -0.004000 0.033764
0.386386 -0.018995 0.028199
0.386887 -0.029786 0.016395
0.387387 -0.033986 0.000962
0.387888 -0.030666 -0.014683
0.388388 -0.020560 -0.027079
0.388889 -0.005904 -0.033483
0.389389 0.010058 -0.032478
0.389890 0.023795 -0.024286
0.390390 0.032266 -0.010720
0.390891 0.033597 0.005218
0.391391 0.027494 0.020002
0.391892 0.015307 0.030359
0.392392 -0.000267 0.033999
0.392893 -0.015782 0.030115
0.393393 -0.027805 0.019567
0.393894 -0.033675 0.004690
0.394394 -0.032093 -0.011226
0.394895 -0.023410 -0.024657
0.395395 -0.009546 -0.032632
0.395896 0.006430 -0.033386
0.396396 0.020983 -0.026753
0.396897 0.030893 -0.014199
0.397397 0.033967 0.001496
0.397898 0.029525 0.016861
0.398398 0.018549 0.028494
0.398899 0.003469 0.033823
0.399399 -0.012379 0.031666
0.399900 -0.025488 0.022503
0.400400 -0.032956 0.008360
0.400901 -0.033132 -0.007633
0.401401 -0.025977 -0.021937
0.401902 -0.013073 -0.031386
0.402402 0.002724 -0.033891
0.402903 0.017917 -0.028896
0.403403 0.029146 -0.017507
0.403904 0.033926 -0.002244
0.404404 0.031198 0.013516
0.404905 0.021567 0.026284
0.405405 0.007163 0.033237
0.405906 -0.008826 0.032835
0.406406 -0.022861 0.025167
0.406907 -0.031838 0.011930
0.407407 -0.033770 -0.003947
0.407908 -0.028229 -0.018950
0.408408 -0.016441 -0.029760
0.408909 -0.001016 -0.033985
0.409409 0.014635 -0.030689
0.409910 0.027047 -0.020602
0.410410 0.033474 -0.005957
0.410911 0.032494 0.010007
0.411411 0.024323 0.023756
0.411912 0.010771 0.032249
0.412412 -0.005166 0.033605
0.412913 -0.019959 0.027525
0.413413 -0.030335 0.015355
0.413914 -0.033999 -0.000214
0.414414 -0.030140 -0.015735
0.414915 -0.019611 -0.027774
0.415415 -0.004742 -0.033668
0.415916 0.011175 -0.032111
0.416416 0.024620 -0.023449
0.416917 0.032617 -0.009598
0.417417 0.033397 0.006377
0.417918 0.026786 0.020941
0.418418 0.014248 0.030871
0.418919 -0.001443 0.033969
0.419419 -0.016814 0.029551
0.419920 -0.028465 0.018594
0.420420 -0.033817 0.003522
0.420921 -0.031686 -0.012329
0.421421 -0.022543 -0.025452
0.421922 -0.008412 -0.032943
0.422422 0.007581 -0.033144
0.422923 0.021896 -0.026011
0.423423 0.031366 -0.013122
0.423924 0.033895 0.002670
0.424424 0.028924 0.017872
0.424925 0.017553 0.029119
0.425425 0.002297 0.033922
0.425926 -0.013467 0.031219
0.426426 -0.026251 0.021608
0.426927 -0.033226 0.007215
0.427427 -0.032848 -0.008774
0.427928 -0.025202 -0.022822
0.428428 -0.011980 -0.031820
0.428929 0.003894 -0.033776
0.429429 0.018906 -0.028259
0.429930 0.029734 -0.016488
0.430430 0.033983 -0.001069
0.430931 0.030712 0.014587
0.431431 0.020645 0.027015
0.431932 0.006009 0.033465
0.432432 -0.009956 0.032510
0.432933 -0.023718 0.024361
0.433433 -0.032232 0.010821
0.433934 -0.033613 -0.005113
0.434434 -0.027557 -0.019915
0.434935 -0.015402 -0.030311
0.435435 0.000160 -0.034000
0.435936 0.015688 -0.030165
0.436436 0.027743 -0.019655
0.436937 0.033660 -0.004795
0.437437 0.032128 0.011125
0.437938 0.023487 0.024583
0.438438 0.009649 0.032602
0.438939 -0.006325 0.033407
0.439439 -0.020899 0.026819
0.439940 -0.030848 0.014296
0.440440 -0.033972 -0.001390
0.440941 -0.029578 -0.016768
0.441441 -0.018639 -0.028436
0.441942 -0.003575 -0.033812
0.442442 0.012279 -0.031705
0.442943 0.025417 -0.022583
0.443443 0.032930 -0.008464
0.443944 0.033156 0.007528
0.444444 0.026046 0.021855
0.444945 0.013172 0.031345
0.445445 -0.002617 0.033899
0.445946 -0.017826 0.028952
0.446446 -0.029091 0.017598
0.446947 -0.033919 0.002350
0.447447 -0.031240 -0.013418
0.447948 -0.021649 -0.026217
0.448448 -0.007268 -0.033214
0.448949 0.008722 -0.032862
0.449449 0.022782 -0.025238
0.449950 0.031801 -0.012030
0.450450 0.033782 0.003841
0.450951 0.028289 0.018862
0.451451 0.016535 0.029709
0.451952 0.001122 0.033981
0.452452 -0.014538 0.030735
0.452953 -0.026982 0.020687
0.453453 -0.033455 0.006062
0.453954 -0.032525 -0.009905
0.454454 -0.024398 -0.023680
0.454955 -0.010872 -0.032215
0.455455 0.005060 -0.033621
0.455956 0.019872 -0.027588
0.456456 0.030287 -0.015450
0.456957 0.034000 0.000107
0.457457 0.030189 0.015640
0.457958 0.019698 0.027712
0.458458 0.004848 0.033653
0.458959 -0.011074 0.032146
0.459459 -0.024547 0.023526
0.459960 -0.032587 0.009700
0.460460 -0.033416 -0.006272
0.460961 -0.026852 -0.020857
0.461461 -0.014345 -0.030826
0.461962 0.001336 -0.033974
0.462462 0.016721 -0.029604
0.462963 0.028407 -0.018683
0.463463 0.033806 -0.003628
0.463964 0.031724 0.012229
0.464464 0.022623 0.025381
0.464965 0.008516 0.032916
0.465465 -0.007476 0.033168
0.465966 -0.021814 0.026080
0.466466 -0.031324 0.013221
0.466967 -0.033903 -0.002564
0.467467 -0.028980 -0.017781
0.467968 -0.017644 -0.029064
0.468468 -0.002404 -0.033915
0.468969 0.013368 -0.031262
0.469469 0.026182 -0.021691
0.469970 0.033203 -0.007320
0.470470 0.032876 0.008671
0.470971 0.025274 0.022742
0.471471 0.012080 0.031782
0.471972 -0.003788 0.033788
0.472472 -0.018817 0.028318
0.472973 -0.029682 0.016582
0.473473 -0.033980 0.001176
0.473974 -0.030758 -0.014490
0.474474 -0.020730 -0.026950
0.474975 -0.006115 -0.033446
0.475475 0.009854 -0.032541
0.475976 0.023641 -0.024435
0.476476 0.032198 -0.010923
0.476977 0.033629 0.005007
0.477477 0.027619 0.019829
0.477978 0.015498 0.030263
0.478478 -0.000053 0.034000
0.478979 -0.015593 0.030214
0.479479 -0.027681 0.019742
0.479980 -0.033645 0.004901
0.480480 -0.032163 -0.011024
0.480981 -0.023564 -0.024509
0.481481 -0.009751 -0.032572
0.481982 0.006220 -0.033426
0.482482 0.020814 -0.026884
0.482983 0.030803 -0.014393
0.483483 0.033976 0.001283
0.483984 0.029630 0.016675
0.484484 0.018728 0.028377
0.484985 0.003682 0.033800
0.485485 -0.012180 0.031744
0.485986 -0.025345 0.022663
0.486486 -0.032903 0.008567
0.486987 -0.033180 -0.007424
0.487487 -0.026114 -0.021773
0.487988 -0.013270 -0.031303
0.488488 0.002510 -0.033907
0.488989 0.017735 -0.029008
0.489489 0.029036 -0.017690
0.489990 0.033911 -0.002457
0.490490 0.031283 0.013319
0.490991 0.021732 0.026148
0.491491 0.007372 0.033191
0.491992 -0.008619 0.032889
0.492492 -0.022703 0.025310
0.492993 -0.031763 0.012130
0.493493 -0.033794 -0.003735
0.493994 -0.028348 -0.018773
0.494494 -0.016628 -0.029656
0.494995 -0.001229 -0.033978
0.495495 0.014442 -0.030780
0.495996 0.026917 -0.020772
0.496496 0.033436 -0.006167
0.496997 0.032556 0.009803
0.497497 0.024472 0.023603
0.497998 0.010973 0.032181
0.498498 -0.004954 0.033637
0.498999 -0.019785 0.027650
0.499499 -0.030238 0.015545
0.500000 -0.034000 0.000000
0.500000 0.000000 0.000000
